world: 746ad283-eb80-497f-b9e1-8f3c5e10794c
world-name: Blockception_Parkour_5
x: 427.1076135450288
y: 126.74293160172489
z: 1047.216608238751
yaw: 94.64999389648438
pitch: 58.6500129699707
name: l10
lastowner: 05a73864-3a55-4bba-b6d0-470a6a564590
