world: 746ad283-eb80-497f-b9e1-8f3c5e10794c
world-name: Blockception_Parkour_5
x: 435.5151926902346
y: 82.0
z: 1002.6030600185923
yaw: -1.9499272108078003
pitch: 32.099971771240234
name: l5
lastowner: 05a73864-3a55-4bba-b6d0-470a6a564590
