world: 746ad283-eb80-497f-b9e1-8f3c5e10794c
world-name: Blockception_Parkour_5
x: 534.2407586256719
y: 107.0
z: 1080.3118149173183
yaw: -91.65007019042969
pitch: 33.449867248535156
name: l8
lastowner: 05a73864-3a55-4bba-b6d0-470a6a564590
