world: 746ad283-eb80-497f-b9e1-8f3c5e10794c
world-name: Blockception_Parkour_5
x: 469.67788032532076
y: 125.0
z: 1048.4262324097679
yaw: 103.04986572265625
pitch: 63.30006790161133
name: l9
lastowner: 05a73864-3a55-4bba-b6d0-470a6a564590
