world: 746ad283-eb80-497f-b9e1-8f3c5e10794c
world-name: Blockception_Parkour_5
x: -31.5
y: 112.0
z: -7.5
yaw: -85.60735321044922
pitch: 6.1500020027160645
name: spawn
lastowner: 05a73864-3a55-4bba-b6d0-470a6a564590
