world: 746ad283-eb80-497f-b9e1-8f3c5e10794c
world-name: Blockception_Parkour_5
x: 516.4500449392667
y: 65.0
z: 927.4744150827327
yaw: 88.81996154785156
pitch: 37.099979400634766
name: l2
lastowner: 05a73864-3a55-4bba-b6d0-470a6a564590
