world: 746ad283-eb80-497f-b9e1-8f3c5e10794c
world-name: Blockception_Parkour_5
x: 471.40406781535046
y: 72.0
z: 935.3028062980043
yaw: 84.91992950439453
pitch: 39.64997482299805
name: l3
lastowner: 05a73864-3a55-4bba-b6d0-470a6a564590
