world: 746ad283-eb80-497f-b9e1-8f3c5e10794c
world-name: Blockception_Parkour_5
x: 436.0034942797157
y: 77.0
z: 958.7833003038533
yaw: 0.7699173092842102
pitch: 27.199968338012695
name: l4
lastowner: 05a73864-3a55-4bba-b6d0-470a6a564590
