world: 746ad283-eb80-497f-b9e1-8f3c5e10794c
world-name: Blockception_Parkour_5
x: 436.3747261387556
y: 94.0
z: 1063.0561982504746
yaw: -2.050002098083496
pitch: 28.049970626831055
name: l6
lastowner: 05a73864-3a55-4bba-b6d0-470a6a564590
