world: 746ad283-eb80-497f-b9e1-8f3c5e10794c
world-name: Blockception_Parkour_5
x: 487.43328526093455
y: 105.0
z: 1080.5991487871106
yaw: -93.45005798339844
pitch: 32.69987106323242
name: l7
lastowner: 05a73864-3a55-4bba-b6d0-470a6a564590
